100005995181264
100014981116080
100007410978740
100025000144730
100024803108130
100024438081267
100024385570616
100022802880225
100022277483199
100022118110552
100017106151333
100013052416042
100009470620610
100006475792302
100004728635063
100004139952675
100002945870536
100023965511013
100018146405020
100005329364129
100003259756496
100003213162626
100024830685207
100024533176192
100022539300817
100019432788087
100018552245830
100016035691942
100013962376207
100012258424113
100011655495455
100010394320569
100009711104676
100009241282465
100009009100750
100008215805201
100008012222830
100004471602732
100004426753947
100004344430207
100023680299883
100023674634249
100023671873756
100023587416701
100023511742870
100023473267587
100023202023590
100023129783632
100023000021123
100022902971174
100022820814074
100022672773752
100022648073210
100022487461798
100022423562421
100022357663026
100022195631646
100022132655018
100022029856506
100021999841395
100021885468249
100021822487677
100021697241504
100021508491778
100020362337018
100019033397940
100019030600991
100018263670161
100018157724583
100017795718033
100017351505861
100017185691558
100016853614197
100016832416414
100016610922122
100016190596372
100015893321407
100015608535255
100015559685188
100015199089415
100014947986859
100014890423537
100014575962742
100014401989987
100013935580299
100013903756126
100013706806189
100013484508030
100013076681381
100012491191320
100011610365626
100011588078940
100011454189344
100011358612236
100011324117131
100010957323823
100010593613520
100010588205011
100010419120379
100010365182767
100008948799279
100008885596893
100008634211973
100008402581753
100008039258193
100007559086851
100007145044115
100006962862245
100006708579013
100006278222897
100006112539327
100006060433943
100005757155240
100005436974015
100005392877275
100005384208590
100003819730067
100001506485732
100000593050675
100019087868976
100007541355689
100023282867478
100009694725003
565308772
100006097575867
100003327364860
100022841332124
100009187630623
100022742470763
100023549353881
100022936728602
100022412261568
100021926961291
100019086513073
100018336183776
100018053984212
100016838805839
100015790298535
100015465821279
100012617865187
100012172001970
100011587694842
100010424264563
100010342320093
100007291770368
100004578734400
100023496279333
100022570221165
100021980351249
100016900444446
100015144934220
100013350256210
100012948544069
100011647538874
100010753485145
100010508882024
100009261133619
100009158885700
100008049783546
100007836882752
100006478005064
100005335778102
100004648843897
100023324448149
100023153435041
100018878735306
100012399843114
100010289943250
100009922628547
100009917386311
100009340883330
100023150072970
100023064924302
100022124850318
100021543742644
100020866215193
100020301762913
100020292881238
100015072120252
100013750538858
100013095974272
100012895811945
100006598178788
100005675742954
100001364567400
100022960331331
100020377218068
100019254211132
100023397368370
100011214876586
100012673684822
100017439852181
100014691430484
100006771888494
100014995441955
100014757734893
100009979090437
100009540752372
100023369552553
100021933225977
100015569434765
100011768100031
100004248932728
100022647030877
100022168181242
100019333832586
100000263799763
100023258866249
100017528323867
100007782606775
100005973821940
100014552437800
100010348929795
100006490116480
100023411340464
100015431531477
100005788214421
100010890550232
100022658411061
812705345
100009298665229
100016567870648
100003703633927
100022640114214
100017530260818
100008846347037
100004909416562
100022688375317
100023210614505
100022965305138
100022026550626
100017389966583
100004975425824
100015129991677
100011616494675
100012897935289
100022611863545
100023085846195
100013731550978
100018637299583
100008083530599
100003857804070
100022561685181
100015322111915
100009554691831
100014566968197
100015473282969
100010274805963
100023013301082
100022756545251
100013941767785
100021943057873
100023201679738
100011952030046
100010585125306
100014471774508
100023332713591
100008277906225
100010222480926
100021788297484
100006983373085
100023370270250
100012214591608
100001850955591
100015569233334
100010863284983
100022800943861
100021545147845
100015039271033
100001373186688
100016602465052
100021352297399
100017450496647
100011055616099
100022257847579
100020171614344
100017583257122
100009783289352
100002518657813
100005601454292
100005380113201
100023022683996
100016323008428
1240921500
100020319972250
100003890488404
1673171597
100022368049504
100022063096975
100018083569302
100011351563565
100005998574009
100000549947408
100019911678447
100017129869218
100016729155315
100016127594904
100013415599136
100016680914811
100012353044932
100015178995130
100014973695371
100010531807753
100005843864277
100003544407464
100002621984255
100012977940701
100007401603946
100000020760881
100022378094534
100021994689883
100021838403746
100015653044038
100022376041146
100021770920017
100021260120437
100012497357132
100004277520183
100022975313393
100016178475535
100007966388234
100007852841666
100005333581123
100003513883697
100003541398050
100009966226081
100022676889300
100006025095300
100003164773895
100023121694572
100022692083222
100021840945770
100018835505426
100017373511080
100009451185819
100005269776409
100004064423964
100000481017603
100023086052936
100022026617636
100017887367722
100016589593588
100015763992860
100006903520820
100004045503835
100003895895624
100000478410015
100022371436107
100015427757104
100014288104682
100012327910470
100012314018490
100011336197228
100011309706410
100010057243164
100009486672809
100008676855884
100008569413513
100006852490984
100005045130618
100008472077686
100017474564199
100016828247800
100004255277099
100022699881488
100021750790130
100021390281387
100020952934020
100011195613786
100009933184021
100008244041688
100004672328243
100004491463937
100004022276117
100001861038029
100000229052005
100006171973180
100012601050428
100009325985426
100022835281243
100010646328755
100005720677515
100004777084943
100004588866871
100004156987632
100009419933179
100013005405599
100017507732006
100012484933840
100022825460164
100016979166825
100016267427176
100010041908120
100009461721189
100008256523592
100007785163462
100007391327503
100007204279118
100003763977019
100017158120385
100005214016248
100009609680331
100020690558772
100006723844237
100004043710613
100003855161859
100012200643445
100009689561878
100005779609047
100004525179475
100010092182449
100022816307697
100017203147415
100014774433638
100019682118029
100017120435026
100005952510773
100010162455269
100000265841302
100003877360972
100004962571355
100008942593892
100016792276262
100006796428580
100017348763573
100005580642925
100010210803457
100006435329296
100003869459269
100005073871269
100010644061778
100016068100820
100013917525718
100004914511414
100021115726166
100018672433814
100013528301392
100010578526623
100007735547256
100006616065157
100006046637765
100005748558155
100004529373362
100004361700236
100022765248657
100005434024365
100001735774160
100012815820280
100002984432363
100016928083179
100008773686972
100015160302605
100016519601832
100013654424227
100012363973188
100011643882810
100009537084066
100020787041212
100018473389385
100015801554211
100010326820558
100010056220001
100003896930617
100003682703534
100004967941644
100005054140831
100021951352153
100019946057154
100011985256340
100012390722904
100022093026568
100010351693703
100008626512010
100006875582406
100022762418645
100022696514091
100015846577728
100015018964166
100014515813211
100013151283384
100013079768512
100004477866959
100001553587203
100012994399464
100011906266363
100009077332802
100009087162766
100005304840024
100015711570632
100013741384610
100014676919109
100014039290960
100012271058847
100009451760968
100005161683938
100004730289001
100004314996452
100021969247488
100013885369185
100005351778270
100022048262589
100015538487574
100004920459830
100015825738673
100014674125812
100011164064666
100010484772585
100010143791260
100009931087898
100009211495878
100005790250991
100019500257072
100007109557324
100004650063564
100014293964483
100021913070174
100011008929082
100010226670681
100009568024395
100006443646160
100005268522272
100004757350292
100015541321199
100017790546084
100016298324270
100005383412405
100005242424754
100011039868302
100019440854249
100014984833063
100008089623765
100007069788947
100005806874600
100004728706852
100004699652801
100004574534556
100022583401445
100012422388741
100012143503699
100011724288375
100010163407654
100009791857652
100008271817313
100008087501513
100006798436032
100006457334269
100004729118301
100007857218263
100017157992886
100014748696859
100007099964972
100004321399312
100002901499875
100014555733613
100017115757500
100006788326263
100021095823983
100006152624733
100013490434702
100010566036581
100010337322289
100009083245393
100005009553564
100004301792439
100004004568348
100000002844335
100002703362136
100010751102163
100013427235171
100003279967026
100007479549679
100003295673967
100019726537911
100015663970369
100016659559320
100010582986681
100021011620933
100009027810144
100014842112423
100000286132691
100004817190004
100006163651998
100011806622625
100021621199963
100013992964026
100004232554525
100002673002889
100001620812022
803431841
100007809408952
100006415413340
1397114457
100003891130041
100017413247407
100005904823716
100010137750765
100002940334076
100006408301273
100005056661924
100014446246435
100012223994481
100011408659210
100010698396732
100009484710294
100006453235279
100006303214386
100005318892892
100004746857288
100003963064841
100000058920221
100012922006828
100010339277596
100014273682724
100006256458562
100005153083151
100009973955285
100018985447216
100013506332926
100006453232607
100009571280105
100003814124820
100013294380307
100012146296920
100004268207026
100013316461733
100007348530952
100006707527737
100005877281406
100005313257338
100003805416430
100004011363963
100003263268760
100013204153424
100004176545639
100008975085953
100006235213170
100013164301346
100013782467800
100007121890794
100002500828203
100009858367929
100011486806745
100009044121610
100004054093201
100007036575509
100013868267500
100014559061082
100008471747372
100003030112605
100009815231603
100017240471651
100016961591819
100016346765830
100015481722688
100014908785013
100012349831375
100009891889298
100009250582950
100006128532628
100005871551336
100005393736512
100005107417354
100005081466037
100004640328017
100004554466171
100004341434609
100004104789980
519804938
100017975492074
100008180802949
100006667423409
100006098166411
100005881570003
100001120294203
100022512498903
100022044979177
100018038765380
100016527363116
100014789080482
100013715144039
100010757192309
100009797916364
100008213762097
100006754986284
100005864617187
100004457251180
100003842718428
100000384062642
100000354442137
100017362426689
100009335293688
100022050600475
100021910536349
100014126197063
100007878933729
100021138800352
100012097595858
100004381863219
100017100120011
100022431922763
100010325893476
100002683040098
100004390651055
100016818666385
100015665200382
100012901960917
100012887135619
100012712960936
100011438566274
100008789075662
100008008442773
100005620294601
100005376966235
100004131648478
100003694220294
100001489971794
100001419677264
100005803903576
100014176721755
100005643405369
100012829096872
100010024811953
100009498804086
100004808316467
100009562251926
100019358829871
100021861060639
100005368800148
100001218416693
100003864231035
100005896933583
100004764697051
100011766873696
100012054197550
100010553928736
100001162073550
100006722681674
100004540008819
100013365755414
100016980499144
100021447549380
100011104335754
