100005317231224
100026396211640
100002768787177
100006487255277
100003276485150
100022840612747
1781499226
100015893590491
100008218633504
100004381394165
100009008535815
100001608495927
100012961832714
100025018667113
100008401594829
100015262891886
100003337428019
100006515405988
100026277260883
100000364148676
100024000562285
1841393590
1003639054
100022934870364
100023440170508
100014665743557
100005037246715
100008596337263
100025461075622
100012351067061
100021995437007
100005874602494
100010683332677
100010211109090
100011340473465
100010750722396
100005813566760
100012048669296
100014143621196
100008640823156
100011741715688
100025820533332
100011434689352
100004409525162
100007278796148
100019295444784
100000462603086
100009573256306
100010128966840
100008186253972
100025252248057
100009416778138
100010505591166
100019700440871
100018879788142
100016841957575
100004424226985
100001274208287
1471803511
100005138703406
100007424257641
100024016101748
100005623744799
100015580718897
100018781458500
100005667699722
100000564119142
100009592431187
100003143662750
100027729251702
100014517281259
100024905976501
100013419571698
100021519260445
100025014710602
1232626951
100009503873534
100005771269091
100024691183129
100013572126004
100021922551449
100027545529106
100026131090201
100011276491387
100010496612361
100006767174338
100004973295575
100026885004302
100006297283793
100005156657922
100003066320829
100007353616747
100001858066511
100013077660147
100001881378936
100000273783932
100004263094083
100012162424832
100009878414235
100024083585949
100027750801700
100012173921389
100004222982221
100007763412029
100011205526589
100005004631182
100003872291178
100013141388598
100006328601396
100004845217044
100028052410915
100028055858444
100010824045599
100015959498159
100011538486313
100006492048317
100026736125747
100021743736376
100008596532207
100027092773520
100008407712379
100005503810355
100004351532573
100006116432793
100002437388505
100010065588184
100006175188623
100006753664582
100026706277397
100008816310956
100012800193220
100014843563228
100012900250127
100008087290702
100004200033750
100009180777072
100023502734118
100011438229890
100007087832329
100004735716341
100004938945761
100011894205249
100005308029094
100005582053958
100014082724021
100014161394743
100023585406844
100008032728930
100006793145666
100025282491923
100010211734235
100012721337418
100018971328470
100006439985374
100016388048567
100000358238355
100000647365551
100009427556895
100000520905523
100008515987338
100002836254369
100006230377097
100016785643847
100009275646515
100013476757167
100000310409473
100008646694214
100001896650359
100016488188191
100027585289203
100013602665239
100010083605347
100007958255598
100027388971431
100006096222423
100004262712452
100000321001171
100014395082718
100012940689507
100009626407947
100006091901557
100004855990759
100021636710177
100004260788464
100010403206369
100009627390702
100005169540309
100022349271586
100015383144606
100005689545366
100009932419463
100014842141377
100013825533108
100002921310110
100021597161230
100020986500354
100026530164367
100026703036121
100011419361898
100007768504727
100005471170982
100010391011887
100013088675407
100008284064575
100011561911569
100010865797343
100005374781660
100026432146671
100009890736066
100021946994667
100009681886567
100013322262831
100003268862410
100009755023796
100001382725728
100005821171077
100003936847381
100001797035237
100012853474762
100026479215329
1781916138
100028140814817
100001519898277
100016871253354
100003901574943
100012473132040
100012611712612
100003033309370
100022953891750
100012338233649
100003400991243
100004606574133
100008623158662
100011014081702
100024137980031
100004939293522
100004212461441
100007404467212
100009164455576
100003986226844
100025508706918
100023685764440
100006726879061
100004845274481
100009775630200
100004155001134
100022269033448
100022192692700
100009901698089
100020517941937
100022873728276
100002543797971
100016564713117
100024822124692
100007897565398
100002497748108
100022476094861
100002850761168
100023131936122
100027843382375
100006059179056
100013472799245
100004720633954
100001338453658
100000522443998
100002806399955
100023278692961
100003946171579
100002379140214
100009539810475
100011443030383
100004130171946
100008549028211
100012108301783
100007662035185
100004765804792
100003179933403
100017477076812
100004145829737
100023138142541
100010389272780
100003120558876
100009457353879
100010520955953
100007311528988
100005665028819
100009327127930
100002903031971
100005008416817
100011455472781
100006255070821
100007944014504
100005169940293
100001556602833
100007872300071
100004105490567
100002819082870
100007367503807
100011675559639
100008082229392
100026735582706
100003636970530
100005177950442
100012096529637
100006370758458
100003922565438
100006704919418
100010928344907
100007205379944
100007697441019
100004065520172
100015662528135
100005762104988
100025786814694
100000157359643
100018330661527
100022659334041
100004181564083
100010164214951
100011523706768
100026569778972
100010630717566
100004125760640
100024585465211
100024580056718
100010857631293
100004832737661
100023793503796
100018218263872
100024420631019
100002931072081
100003256158606
100006030811251
100010501363638
100011451609196
100005676495647
100006395704747
100006822064487
100005385615398
100003282698829
100000155333640
100011136855497
100009699227703
100005852677662
100028157372967
100000440656131
100003996301036
100021316335557
100005486854891
100007330920260
100024549646787
100007814359430
100014865618070
100012651611098
100004813539055
100004255352791
100003948445326
100006783360520
100015016309342
100003959696962
100001798767444
100006849643534
100009991180563
100016378021727
100005326025008
100026938209328
100006409276250
100015314558004
100015320645807
100003681320600
100012064600301
100005167264267
100004702144074
100014005604391
100008206305138
100010846205174
100009400717278
100000711757516
100021985221239
100012148655145
100005467607619
100007245781181
100005434683181
100008379376012
100014416509434
100004399751336
100007590643070
100005505968149
100005116724714
100014153204565
100000196220309
100011356539695
100004308431303
100012682478029
100009684193962
100022351457527
100015885614741
100006156646814
100027039713157
100010315930767
100020044000588
100000289400820
100013543774785
100011400550419
100005792410755
100013061252258
100013626724157
1499155918
100010218067733
100018840150793
100006029353865
100005476110402
100006190397839
100025155320084
100004604344996
100010975210654
100004130791376
100024225935137
100027043308646
100005628486540
100006519950472
100027931905679
100003629997889
100011591828899
100001786631137
100013621419659
100022301925656
100005307432340
100008993505040
100021962842672
100006488442637
100001481830832
100027798195183
100021761046770
100028049708391
100009486757731
100025670225789
100008090640228
100000283286418
100013461331206
100003342942494
100024729323735
100028128151109
100022084352180
100009961515577
100005454822815
100009233950185
100010344180391
100008368688107
100005528049775
100007325444595
100005303796269
100008041805496
100024074236311
100014028877100
100008792761635
100014692724602
100013367132258
100009240316177
100006288001069
100009640831486
1181964291
100002077045936
100007343193445
100009078031620
100007094044155
100001347397941
100005280017389
100027977883273
100011359538489
100010635031945
100006490307393
100007332048867
100010345937575
100008235964976
100008458421508
100002452187602
100006317197302
100004920764056
100007925109534
100012033789347
100005432701707
100001709057645
100024235066098
100002261724068
100023064856083
100007434487286
100009364046725
100011402551262
100003646647861
100003737139409
100015539354533
100012357907740
100000601390705
100005571121319
100008256103749
100022741342920
100011674410942
100009148412614
100005340078511
100007410767859
100005044655036
100007358222861
100005337283613
100007452395147
100003094317858
100026614063118
100003055570451
100007718550403
100011469074547
100021802425940
100025367357819
100006247715914
100003055857192
100006535638293
100008647039059
100010786749848
100014897554744
100022503071408
100015576096689
100010160987902
100026563892104
100006259170086
100003661008132
100007862375490
100007227279694
100021945435389
100020544583253
100024561441842
100018771008276
100016818575480
100013317643184
100023445252357
100026446035510
100011290020816
100006075009669
100000253670510
100012971316248
100002183961354
100007670072585
100009696603513
100004201895353
100006782792863
100008182542231
100012754442400
1103182103
100003215349248
100005763162887
100008135449074
100009484576119
100005367823129
100004428790443
100005380248769
100012162546906
100006568651799
100027102996668
100011325193253
100006656704309
100005534111860
100009250571351
100007791153013
100010912479215
100008871221469
1477984328
100009297720678
100005431748916
100000352826416
100009377704591
100011092050745
100007343387145
100000198260571
100010036242909
100024497016511
100009250543038
100004781890802
100007807938547
100017292098092
100004425220640
100004452125751
100009108188786
100011818630071
100021511568506
100009057401479
100003130032104
100000390290091
100009194319868
100010952925022
100004422063235
100004600052197
100007675595952
100014243910639
100005081445324
100006124424503
100005100727488
100015343398704
100004647253235
100007503933108
100003986685701
100022503378775
100008334061320
100011097427196
100024077453574
100009314914654
100000047891827
100009142615296
100004897744653
100004021062231
100020929130728
100022333092867
100013996932554
100007242900222
100004156800211
812828149
100006632913120
100012061335197
100007041341831
100003847006661
100002786373064
100024940303459
100003057065005
100009174923187
100012993643326
100025887151523
100008389426055
100013991469827
100007688415659
100011567344286
100005559842326
100005838185047
100000401950087
100003886230582
100024699653401
100002390199908
100000192040467
100004584648949
100008262278498
100018460368631
100006239685224
100016913590593
100005663760634
100008626544484
100001882310352
100006982355290
100009552524350
523449949
100000890540710
100010101975239
100013255125542
100009307518829
100017093927958
100025546061338
100010137887791
100004080555858
100000232213079
100005495353570
100003883601578
100005565841382
100002393934131
100006855281169
100000387163533
100013446764104
100004845015188
100011606190516
100006401740335
100011368689534
100024015916174
100003279293971
100011582199216
100016932846843
100014444886288
100009351933661
100016418713482
100008493547857
100013968255116
100009045443733
100011864546640
100001865376755
100027063380494
100009133829750
100006990515447
100025419683514
100008209927334
1827070503
100009591620219
100006452677856
100009917675017
100010510090197
100003952978526
100024702443517
100010744485829
100008171043048
100008270375360
100009369970602
100009756968060
100006833529033
100000253789674
100007607344634
100012312197509
100009478523507
100008681265624
100021944195114
100021674892918
100010433412338
100005158957840
100023046362274
100005891829606
100012958801162
100024513076556
100004215133547
100011835253422
100000267421241
100007937072514
100024052922215
100010865407016
100003128893230
100000273229342
100004207003147
100002965023665
100008565498291
100010989762554
1108967155
100026441596147
100021766340182
100004047991318
100004200336562
100014889197938
100009032236857
100006523085040
100007051358817
100005594409169
100004358650012
100016827453945
100011022155855
100006557619559
100027989434086
100007048984537
100003864447473
100010051365798
100009654607982
100022259440531
100008389050961
100005143664776
100006498863195
100009250652607
100009516561978
100022885942209
100001738975875
100004563841583
100010993510789
100007567185798
100016983630487
100004985294313
100016601584762
100009598664884
100012588451107
100005268631166
100007856498737
100013621417052
100009510793586
100011907301666
100015332058818
100003892891732
100016653888122
100005894615951
100005467083978
100022095880661
100022164312320
100016977999648
100022732426248
100005756730142
100000404860040
100011384323576
100008801079255
100014388168660
100004390844427
100022786034418
100026363284833
100011480752768
100001911607238
100010129231390
100022081371588
100002791858796
100021776974077
100012361032827
1044732683
100005208901396
100009771101846
100001770113390
100025152586534
100003990918108
100004156773802
100004017776474
100003639054896
100016554735871
100023110870875
100006077596706
1001666361
100010093445087
100019288890927
100024160964861
100014857389837
100016472322179
100007427893749
100007544836524
100009124694671
100004011952213
100005128412810
100006508449105
100009217685091
100005304731740
100003061262961
100011800231152
100010790264889
100006548803466
100008658766192
100017645346576
100011687889740
100000211110805
100021610022674
100021704483883
100025434642752
100008302356072
100000319978303
100023821252595
100010721251150
100008128994115
100013422636923
100026800183997
100011620863832
100010427643835
100014861465381
100000383922345
100005619810169
100009920323991
100008731770710
100018142219320
100012496622562
100007978780058
100004064383308
100005971183224
100006110713182
100007360064027
100025368490592
100007891032740
100011430835243
100003643090558
100014982397057
100027559290285
100010551156503
100013780024313
100002914021960
100012676562463
100009147962095
100003186829671
100004520221565
100008510521653
100010217889732
100026898084000
100004935793141
100004589731096
100003237028691
100014945020933
100010615510068
100010448941760
100013526958283
100008365058958
100006447761363
100010147658331
1230565741
100004431845036
100022583056533
100014784044278
100006074975608
100011467397102
100002816062020
100013570383519
100008385588614
100013046160509
100005847757985
100012619233680
100023079133366
100009730441781
100002868838851
1638709101
100007114143424
100009602045279
100025734000474
100003919875338
100005673041231
100010928324779
100004014949600
100013372219077
100004312534863
100022064184002
100006874419349
100014570760183
100005197562561
100000455957327
100010915563894
100000478917893
100015348944260
100009467689736
100011218291770
100012658426156
100005503625209
100000223259511
100007365815747
100026609317482
100018127480615
100004379742973
100003735893918
100027631581766
100016695703801
100004257552395
100015540791145
100014657911554
100008625630735
100012204639276
100004797516331
100015081814248
100005392546513
100006613808775
100009244036940
100011052640762
100004497820416
100000324120376
100011712006040
100008343540849
100001686707585
100021673370218
100013142594878
100014178427776
100012156756507
100025016263862
100007047343359
100025466646257
100004027556054
100005286250874
100027571966448
100007817558206
100009096943674
100006602073364
100004945835686
100015792338312
100013225030474
100009958924790
100009040169968
100000030502307
100005366291388
100013679380474
100005479265195
100021547371028
100011465720831
100023370758726
100015278108305
100003737590495
100013868679271
100011413233650
100005844217137
100012235058444
100008515511614
100005777040141
100006505444290
100006784299136
100005281003645
100022018965773
100005733768906
100018367592275
100012290947192
100004088463661
100004507728687
100021735995082
100012683387558
100000160450398
100003991509322
100024831619099
100004936332919
100027854085567
100022773060829
100001517645892
100018211802601
100005902503382
100009688034461
100010249388120
100005615348596
1822419664
100010159511850
100000165967306
100001138438531
100003130788070
100002875410204
100020875972493
100009379744721
100006848686550
100009474998835
100004374966748
100006915732774
100018558641809
100004952740553
100011437450154
100009069002500
100023056876696
100003275831512
100004174388192
100004062964564
100010641248505
1032147078
100006451017886
100004585867515
100024918282945
100019830511371
100003967808301
100005008518052
100009212954817
100022019417355
100003322614679
100008571397345
100003243113093
100005009495437
100006951967635
100005949254846
100005208390311
100017056006789
100021307951969
100026315661211
100003288162282
100005622190054
100002425850182
100006472934760
100025883640935
100004080935364
100006437949655
100010329010591
100005180619093
100016779191636
100007171990099
100013215879523
100015293835796
100024449483925
100003241900551
100001525290019
100000297324490
100006168876570
100000316581029
100027103837400
100009160064501
100009098191062
100015358931896
100024970743372
1808218690
100001980642633
100008427854452
100008215839442
100007397918213
100005846198355
100001847481358
100008161627690
100007390562814
100015669075361
100003801086537
100009979545940
100004226582340
100003979098509
100005535184695
100011358078067
100003664570884
100004463850893
100006562629482
100003696344968
100009123420116
100008901250572
100009681646547
100010116037362
100008329579108
100008928157129
100012382241803
100008230786227
100004871051569
100005543772823
100006215916076
100009947281292
100009039934639
100004968585664
100007134557920
100011165587907
100003965520397
100005809601624
100024200170474
100003981405941
100007843124408
100002775812900
100001744416233
100009250524298
100010778531579
100025944842215
100027817786658
100009440681597
100014771651594
100001866363755
100003891118215
100014583790536
100009088427231
100012785712429
100004831622628
100003885081664
100000168737525
100013637137557
100022401278128
100005523811876
100002130691636
100015935414896
100002334917037
100006134221431
100015337061634
100005011696048
100004095382939
100008718935572
100006924422903
100005423854378
100004789718957
100006990885403
100001857753226
100000130517986
100011678230703
100004883923041
100023204467532
100023745642155
1726110882
100010802135217
100009296582910
100007470723337
100024586714032
100010685563963
100004466263021
100015246161449
100024921739731
542408390
100013395993343
100006458459117
100011440869959
100006353088938
100009420532956
100002983051331
100024719370195
100003247865025
100003882393770
100024007394853
100000036188849
637955892
100003186151567
100004033026188
100005371269493
100004347974276
100024482498702
100002795264344
100009767978433
100000220702231
100011446046813
100005899920008
100012704829463
100018402368687
100012901092583
100013442263432
100008999402838
100015154382500
100007159354348
100009091438417
100011474701101
100023382796339
100017971863312
100012468510288
100007034806105
100007213845376
100000240525414
100012432331013
100002933324771
100010742893901
100005119171297
100013336801464
100009774722057
100006062200658
100011664255203
100003940301192
100021560213813
100010605817058
100011255741145
100005799910159
100016050340299
100017684672745
100017055165496
100015713801970
100007908137070
100004048203929
100022290073581
100003795338032
100016937432594
100005296393916
100012201974185
100003819671564
100005952541542
100018287058579
100001233536590
100007244886617
100000813151519
692659603
100007826196758
100010029498525
100024364445004
100004552718797
100003918238184
100022822727811
100010652385479
100007336273251
100000141536105
100004492414988
100009399234144
100008853283392
100007765483401
100008726446563
100007593941723
100025818111823
100004375967644
100004048007246
100002039550363
100015032916850
100010219360943
100004960181156
100010115533205
100024975052168
100010500154796
560708781
100008818773420
100006349869876
100006923479246
100001426200469
100010964826311
100012296861219
100010231487235
100012303916719
100002014119082
100024918400080
100009451252442
100017171644932
100013133528973
100026499373957
100003266815820
100023054951340
100000476409903
1838896944
100008487488875
100013918863184
100008124491554
100003214822049
100021695991815
100003851636902
100013612863931
100021402700988
100010788151574
100023271259207
100003952946646
100007125125833
100007318020734
100003284210992
100013285501241
100004886560685
1193349572
100005331738495
100005676402883
100007613386092
100011421235337
100010488276629
100005123827136
100021497026914
100007493400993
100013053884031
100014948430145
100000264345259
100011773001275
100012759789005
100023170966289
100014959171062
100005659931134
100023788008091
100024783920371
100005368636423
100028037790253
100010368739510
100027609211801
100005132550693
100011094379128
100008728145403
100027022491459
100001964294986
100009248153161
100007244867679
100016866098257
100011484092626
100005296711318
100006644559938
100005633738656
100002962207346
100021714974369
100001077409114
100007500037420
100004553140731
100002628216634
100013783458902
100027326240059
100013846130192
100004670974205
100013700177195
100010743873463
100000400909185
100004644726561
100008330200849
100004384086302
100012934293583
100004090042111
100008191871297
100003895754740
100003863247925
100025211268987
100006577179717
100005403048899
1458740005
100004223947262
100009812100993
100009254658627
100022038764024
100026698683355
100003739517212
1292118921
100010946673057
100004409834036
100002992189413
100013550526457
100005172600835
100006779414498
100014806860170
100012215610355
100006469198525
100002515868999
100024344958446
100006080041213
100005706305220
100019918327101
100005122003005
100007186117508
100003545756808
100011902457929
100006078181265
100013201067350
100004452877909
100005976011934
100000042003572
100000199952133
100006452944978
100005173235244
100004025622257
100007838375427
100004569032382
100013167722671
100009925033165
100019202681897
100004120959988
100009527003584
1315188974
100008710893533
100020484641723
100000182692946
100022179214280
100014161483608
100006141484710
100005752950105
100023581892561
100003237051243
100007487976749
100013045208542
100019656886435
100021877953110
100006545893003
100015080629361
100006812538162
100009712740467
100005111689187
100005195286901
100004999063817
100015620135744
100006633510274
100002057068242
100006510962110
100013408572331
100012390430800
100017140925553
100004318759075
100014451120397
100009308744404
100018390317498
100010026677663
100004006418257
100004905819014
100008031166774
100004761732239
100012698285437
100008938293482
100012949308137
100005460105649
100010044151958
100008410810969
100005057019806
100005521247698
100006684668037
100011120916565
100004676441309
100000685118644
100017396103506
100008401172651
100009476832931
100016424080330
100005887600774
100022050683648
100024089599482
100013625164173
100009376878805
100004840158239
100005932687061
100004269911421
100017053124242
100017997074689
100022315514278
100009349710403
100005852442639
100003870897510
100001117853099
100013547625577
100003733752513
100006758761560
100007976202332
100005201653779
100001068823242
100016614337690
100005090340098
100005019372305
100014078292721
100022748760637
100008103438238
100000221649520
100010190024436
100006606750841
100009870074258
100005888198589
100009137143558
100011380672937
100013641277748
100007805912127
100000130303131
100012269646643
100023120225703
100000293525157
100005911834345
100004677163934
100011398482755
100014657791075
100010415463296
100006465460422
100011162826371
100011531597733
100010295358589
100014647051568
100014377398584
100005152807221
100019497494584
100005711113321
100005425354602
100021934611545
100009819636429
100003709350035
100021745773764
100004207637035
100009766208933
100007460497030
100021290315188
100006714783564
100011703988170
100026362583012
100017685348962
1042606250
100014423358952
100026991047116
100008702885243
100021664373121
100007085896958
100013144189282
100009531180814
100001515428401
100006731948270
100015614020087
100010414836147
100005033135659
100001000738282
100004163162575
100021844110774
100018381312109
100024798439403
100002854306726
100022175354157
100008374876601
100004927002764
100004007850020
100004579238605
100018887258705
100023548493754
100011066111819
100008826911647
100006368314965
100003283161055
100022216245753
100013405860730
100003819594096
100003724540110
100004385593049
100004983156978
100004436760193
100004244283832
100009944328929
100024921290658
100003203354632
100012041291592
100012027405011
100003801843690
1357279963
100010756932276
100001775670022
100025947272181
100006455847518
100006439918631
100003350737512
100009832710748
100004712012825
1751407298
100006487164298
100008300945544
100012113684485
100009268617093
100005205646216
100014054984341
100007027565631
100004265802517
100027661853479
100012783460779
100002915047729
100014940815030
100000141210560
100004581571277
100012722403893
100013286536308
100000254072934
100009950022634
100013550200610
100005623907709
100003966154485
100008516470889
100005371218677
100004294861815
100023685714388
100006596461900
100007878486834
100009492402374
100010633542327
100004389402600
100003734792191
100004024011508
100008188202571
100006915012571
100006982755735
100021782991613
100004512123391
100017241332146
100000126830484
100010297208118
100006415804135
100001905640683
100001066595667
100002830442790
100000638521378
100007073463329
100014038783793
100009731978585
100026160878639
100009324986404
100005976270977
100007050369433
100007590121028
100004125970564
100010061775205
100008092892441
100004669593550
100000461576028
100010441693062
100001618016853
100016106731801
100009544705794
100000750687601
100019043911993
100009647253119
100004987177642
100005524843466
100012392139867
100003839298392
100021219511501
100005115702229
100002886477296
100009739030733
100013333385228
100020378470247
100012534345210
100022677893078
100007468300789
100004043621050
100015749164186
100023577615531
100003322892149
100001703755634
100016318203196
100009819249027
100005622199306
100010525537789
100016791875009
100004467190097
100004753594170
100021569973549
100023134261172
100004771426905
100011306883321
100004437695137
100027878859325
100006430686330
100009030430850
1822098265
100009910114064
100012307232963
100024243404040
100004483750778
100004487776729
100009934038226
100008363345945
100007943567283
100010535552831
100009732074720
100000033024100
100000317476238
100006717698005
100005053292795
100004788097486
100013024246301
100010676524840
100006060907306
100009682067204
100008333013605
100022271543308
100007481045208
100011079943271
100024595103781
100002702751313
100004835535415
100027111675682
100017183895985
100024683974945
100008189922857
100023708646838
100011188814574
100014494539027
100013862434846
100021960284413
100025278259394
100024314405089
100009201909554
100011193558299
100021854130771
100012170132895
100005340013219
100012191268512
100003541389772
100006072939154
100011282296144
100001342430083
100004059815125
100024898727337
100009624784200
100008330524188
100024590450221
100006074231588
100012584232432
100004493915787
100015047523187
100006713530882
100002414598824
100003936952284
100011662722710
100025894611000
100012799261681
100025645940140
100009791261470
100015787869668
100014262916073
100004923256948
100003671463071
100022955162478
100003039174487
100008657914637
100015003017553
100005931190107
100021671554404
100003340058274
100005200932388
100006478728787
100016111968742
100003268378348
100015808985671
100012007816893
100004804186551
100004102718306
100007963087885
100005562907287
100026882281676
100011342784177
100013962879798
100007540660142
100011201050636
100023771945550
100009844607232
100011704385445
100006271425595
100023539099014
100012524019075
100022974648016
100006428933238
100012610964683
100010366024171
1415712302
100011110532298
100025272284100
100010018720224
100004825683574
100008900114810
100005937572733
100006455781434
100006988470910
100006677047992
100018747396624
100023479802107
100026478074167
100015342033065
100011769248860
100022114680320
100022110260920
100007305488415
100007016798975
100000368972048
100007981656463
100008101175926
100015365014316
100004925678935
100022241461134
100004522625841
100003597085714
100005396371461
100012910363830
100012057851909
100005417642722
100012287408273
100008397011849
100022960907223
100005216290207
100006607385483
100004052231816
100009951579269
100008079608937
100014599442788
100013927184834
100011553070764
100002799328941
100011084917807
100005016425932
100003579981135
100003306791183
100001600993251
100007984129150
100004996920903
100023108025040
100027083088171
100014507404229
100012525077780
100012530676411
100024721695753
100010154854204
100023193303274
100022164315281
100002507203440
100011368288713
100004018120328
100006673781680
100004884163834
100004987505198
100021990394295
100011744344050
100003195541677
100004061105516
100026149032769
100001301745168
100006449626853
100006297912818
100006754847194
100013322117185
100008586139194
100004099489602
100015512254211
100007531442915
100001463770275
100003903892501
100022248482963
100005773054801
100011803591675
100024769324626
100026054951694
100014922933399
100021922672875
100026516738123
100009509955018
100022970255715
100005674625018
100009169155546
100021814025760
100011373412745
100011642408085
100022105111143
100001491296249
100013294353231
100001889202276
100004607614045
100003662402738
100003844520995
100012204829152
100012056460977
100006839620383
100024593653535
100014985038597
100006153664671
100000225403520
100004542754807
100003985582036
100006910410246
100011139529514
100005826040615
100004222362682
100012878376683
100014492077144
100024913988862
100008436248175
100015965746806
100024778923458
100012125351266
100006307205525
100001106414800
100013649566315
100024262129542
100010887780328
100005431771704
100021811974128
100027414734026
100009258029731
100000573975347
100010692701497
100011511099594
100007949655533
100016844858329
100024774915419
100024780495274
100005995507594
100018297462061
100006067908689
100002573753149
100005837293145
100004907803235
100008695095920
100009885945497
100010637896264
100000409943114
100006944324401
100004055499283
100006262985779
100020338894953
100014415074088
100016847975117
100004569584422
100025380944957
100005874336612
100022258343470
100019096953990
100012964065269
100022994766765
100024494793549
100001637420154
100015089915329
100026375526297
100014764517362
100009611791093
100009228052223
100008180298333
100010686948139
100026734260648
100026741353255
100005263110798
100012458343237
100007955557655
100004574794202
100005047782101
100008339101592
100004433141740
100017645327855
100024699758166
100011761204897
100021267819166
100010300544254
100018911144722
100006339216873
100022059483348
100003102614078
100008199551478
100002478277764
100022904422514
100024550035783
100009744914233
100007257244833
100002969030239
100010957621758
100000265576489
100004760466077
100009487789890
100011773473412
100024307513939
100002188837316
100001903057049
100008614236232
100006794970376
100016048090307
100007982619004
100009977641931
100008151938680
100004235409938
100002118426282
100010315363721
100009351974312
100004096413060
100011475991752
100003734524061
100026147355547
100002700351282
100005064331113
100009492500950
100011035266208
100027905794821
100024226372186
100013676460242
100003895964769
100005420563963
100000779299575
100005734035707
100007113786253
100022008335767
100011327764295
100002794015564
100007394762458
100003473627151
100009833340539
100021811113394
100000290645119
100014079189454
1739505467
100006480428098
100004311543161
100017462917906
100004466291656
100011745662186
100007156095021
100014700943898
100017348341684
100002201313323
100010967886740
100006464004282
100009441196806
100005309889063
100025660481175
100005777616228
1019637312
1793816549
100009596403308
100024850234586
100022248795400
100014889191733
100009221793409
100007236132010
100003072618302
100010197121201
100011803754037
100026370053179
100023476223557
100008081978892
100024407749072
100007794762186
100006473198092
100023137070523
100010080485383
100017478690655
100014399558072
100010449316587
100021484792878
100013072839754
100023269429986
100006342018530
100010111215362
100024841620490
100010053244692
100015447855547
100001248165957
100006248346991
100011800039438
100010545102002
100015491926721
100007657682464
100009248369809
100008650279245
100011662299977
100023733423763
100004436142694
100004689600476
100023940173220
100006471600403
100001859594688
100004931102379
100005020655847
100004033591243
100013305073751
100003922297489
100000150717103
100026125546190
100004253617817
100006588040905
100007688024182
100013688590163
100003747356659
100023264445109
100005100575775
100025906582470
100005766692010
100017706845349
100004409101351
100000400555729
100004225111954
100004093171500
100009007023578
100008190608929
100011103643096
100003819864478
100013428943651
100009669040032
100009655455874
100013469826936
100007319078303
100010574260694
100006732694933
100002556949164
100027328094038
100003925212194
100006082659294
100004654901286
100010244057283
100004930474836
100014852382892
100005448250165
100017264193082
100002619057610
100012965169527
100003892975487
100008140447391
100010286023772
100010953167623
100003192649259
100010947991771
100027557773486
100025140480598
100004160624724
100004861061725
100005544935665
100004191933107
100010489479865
1368140242
100005765372273
100024192100174
100007160404378
100011372741401
100006829367705
100014306920818
100008355000021
100010008603452
100005980209372
100004246274217
100004025428684
100005268872779
100021899613201
100005469097159
100005862066113
100016777487147
100004725393477
100001769635761
100006399151315
100000060829934
100022216613652
100006566822181
100004759092067
100005894166865
100026741290492
100004614733859
100002553743559
100010489654461
100004118676525
100022526254879
100009701675103
100009374699831
100003852691800
100005181286077
100024647043170
100006479755455
100003894506114
100004092067324
100024086745891
100004779422872
100005272269580
100003223246668
100009571261235
100009467786710
100015222968270
100017343571650
100023346371649
100011492142840
100006136660021
100007604887020
100015270403299
100007975900875
100012831372205
100009624615750
100004257525109
100004103291617
100016583891463
100010742441099
100015854580581
100001178713101
100022665614744
100006552436381
100007691028465
100010187435009
100024215477668
100004008800183
100003967630809
100010117728706
100008562047584
100019740605843
100024301069948
100015480602393
100007314529376
100005678557305
100000162345741
100003954833095
100010510178735
100008120850985
100006359738813
100001228977964
100021913575420
100006227898733
100004964346370
100017737396091
100003118828019
100007530001878
100015412292274
100005895870826
100004064945453
100017399070846
100013783509612
100011545127907
100014166819885
100008029938398
100000274991038
100025373734252
100017920952115
100010346100574
100009447697090
100024331523079
100007832376327
100009802837301
100010815435555
100005811214858
100012532036911
100003028593106
100012172418736
100006234635523
100011412561523
100021845805121
100022065379299
100004398104424
100004019757470
100005860387668
100011677382882
100004068822778
100004426000633
100022833465889
100004531774801
100022524992343
100015852708667
100003474649362
100003883571462
100009460499837
100008009329056
100003953952580
100015403353272
100002920664604
100006531166540
100014750613759
100004357809584
100000204204916
100003268841083
100004109016084
100008391558675
100014534950254
100022174986152
100013567398330
100003895471571
100025037380051
100003490153041
100002627006795
100002901638868
100011408921855
100006532451092
100021457368058
100005319550042
100008402292083
100009405279636
100007376912402
100004880589150
100016238502213
100011447780632
100007265434486
100000034531697
100005137032497
100011589935120
100008988095952
100010881513738
100005767894845
100000184373451
100008335187994
100026544070682
100025564984491
100006836260173
100010575999161
100006642548578
100006439066137
100017302545774
100011718680014
100011639642756
100026838043078
100016704010575
100026148232757
100004177443844
100004253897665
100017024406948
100022421447681
100012016006178
100004904971428
100010881071917
100008425200303
100013675383624
100008364675271
100001679685873
100007575550733
100002847687678
100006374881517
100012365313326
100001556242801
100006807159228
100009543114617
100013267665825
100023123952050
100003907132223
100023418556347
100009501311260
100026430342075
100007364403829
1738761348
100009667446073
100004330393672
100004850713224
100006780960861
100007554426051
100023118216913
100022999478350
100026119727298
100011478322146
100009546482608
100008007583108
100009529147398
100007734039770
100015517743417
100005518323402
100010280657607
100006650383724
100005166843138
623492121
100024222172253
100014310273758
100011504135384
100008798648467
100010406807791
100009510277207
100001863276786
100005782422743
1003136781
100027186520078
100006411180404
100015135285190
100008122050280
100003911156491
100003843020768
100024645941054
100001917840487
100005313425855
100004476543489
100011608786593
100003700143516
100023181240702
100006134734167
100009500050759
100001646382873
100008417539269
100015183134236
100022634869896
100004226379194
100025680669432
100005643617239
100005832070761
100009428316972
100004416252421
100009884340051
100012326206859
100004788100413
100004716872896
100003162030499
100004752607098
100011182084867
100011672143120
100004925312841
1294548027
100001667262326
100008154103533
100024856727924
100022580088379
100003525612444
100009628238317
100003140573116
100005870834482
100005490784725
100027258996443
100021290190912
100010656289439
100004247921569
100019497669647
100013334646038
100007558501964
100015081243531
100007073973789
100007667656537
100010333176930
100006912780526
100008825679970
100005791292816
100005776815180
100006850692405
100009520631356
100005749113747
100026913886816
100007589862569
100011195046849
100003730693344
100003888795483
100014706450453
100008829462224
100011916048616
100007042774266
100004548993985
100005671087917
100004348890390
100010185671176
100010162183044
100009867541990
100005825021130
100025229210004
100015455530417
100023683125165
100004833282038
100002807119457
100005172570959
100007959336120
100024043410510
100005933770935
100008736850905
100005809533874
100004319850801
100011146412074
100012655277238
100004666532326
100005133706984
100023894454061
100006034726537
100008238157075
100009392993498
100005599920942
100010571388477
100019498809692
100021233403295
100004512792813
100005515098799
100008219618873
100003638384757
100013184053902
100007748497498
100015447575574
100012202142834
100007030866019
100005175603837
100001666473683
100006377048637
100012249077559
100026426855340
100005963940760
100009239668812
100003878063713
100005624899484
100010831834302
100002530055318
100012246095767
100005568583366
100001175109895
100000640608891
100014014338581
1267403332
100005952314549
100004169647410
100004433354916
100009168862122
100015957458510
100014526905788
100005749786940
100001514808789
100004030340209
100001368406701
100010923699306
100006327818997
100006024157556
100008074866439
100024232659386
100013982688737
100003066321201
100003645584384
100011657777293
100001111397515
100008070696283
100024043966080
100021950745643
100008014385236
100009887139197
100007071192972
100025233335050
100006223788561
100004360651326
100009816317751
100010246068556
100008222851136
100022400580310
100014263181085
100000811994956
100010549157985
100000426784704
100001255682351
100013886115669
100024347829404
694409738
100004105762983
100002362360489
100016925191778
100004391505467
100003344980881
100012301723218
100003213260401
100004548882988
100010294952632
100024529693013
100010697684438
100002236140342
100016200010011
100024197228975
100003791577254
1370728426
100011314240317
100005020743775
100009315459790
100021849314427
100011584622555
100008129109269
100007524308326
100005729118987
100013122575777
100017157132953
100027013840520
100008542597731
100010779481851
100004663833842
100017642774046
100016289161532
100006654153553
100017977354044
100024486755208
100016784085275
100011761767140
100013369572384
100021017231236
100004807355600
100004480895766
100003029670491
100015117211380
100012574020985
100025575563259
100011447810753
100013515990441
100012398136514
100000410016956
100018515581794
100004523800797
100007793201044
1581211812
100011701660920
100013757558612
100010648488368
100004461159707
100012122981630
100012478264474
100010811560068
100024625423506
100000388072890
100006802291117
100001742728487
100004823953723
100005325002737
100009709570306
100009570621009
100025161279455
100025331183225
100003656249009
100013123411474
100016526141055
100024906607722
100027203682974
100025508131071
100003754686842
100017864402241
100008244883062
100010000744916
100006360935622
100022748437149
100009533400201
100026805440628
100016938644957
100014118616286
100024352383004
100002061546558
100008296026290
100013766163587
100008832013614
100013549218668
100026038656143
100017050967327
100004072266748
100024577992306
100003068112018
100027435368689
100025596499973
100022335875783
100020306044330
100008367312249
100025291118541
100003839769152
100003849512400
100023237885746
100008216013567
100005913994356
100027441499379
100012931897694
100006431945233
100009688060774
100009450923403
100025467168325
100009514967504
100009757066684
100026168446732
100009224071714
100001579213281
100006508183551
100013295479131
100005212680021
100027533011000
100008637856591
100022997730957
100026296831004
100021886542526
100022543125508
100004704675272
100011534536713
100006200947371
100004920969844
100025863019244
100006990606193
100009573314346
100010608124419
100008890297738
100021980812342
100004409889449
100004099395833
100016362481479
100012555916475
100014271934204
100009681183439
100011351044694
100003289572446
100025025502415
100020356178103
100015890402628
100009680417515
100003130372652
100022487084801
100013006277434
100007378088998
100027606618077
100009210748312
100026629474352
100010414664590
100008255681085
100006024485709
100015790201359
100002198267919
100006030602175
100004818930910
100003092227050
100006546674647
100010741680528
100024883350413
100022121140490
100008170778714
100015354769028
100004891302693
100010328442114
100021577862034
100007831027272
100001430209294
100023997576800
100008299038599
100023172305075
100009395535589
100013086303743
100008224964579
100022362458202
100016356223955
100009416040875
100006371672114
100022250120023
100004631619198
100011504832841
100007056849111
100013248702696
100027088531798
100013199806110
100001744944690
100005425238236
100003755827496
100006435204335
100009985714743
100009717339448
100027519676181
100023434865929
100011818998530
100013104246082
100008222593285
100009311678877
100016910593709
100005663473774
100017329142587
100026542181869
100027014683536
100005447081079
100000358689982
100006601297859
100027730661956
100012420349064
100009428359991
100007153449121
100010717331543
100003235707168
1312887674
100001655495196
100027548032150
100027581176617
100011095476147
100010453607357
100010005061703
100005606794978
100003369750133
100027700033418
100016515194512
100011808878765
100013700748018
100005004396235
100023143367711
100003639157283
100005195911571
100013536076887
100017922705889
100004117741490
100012718756669
100013457895144
100007055741651
100011718041834
100006055817485
100005262014660
100024185884729
100006585362214
100010732276578
100004669841442
100004855905002
100010158854556
100023246701983
100012274788608
100003797648662
100001789659008
100015383951147
100005222463032
100011340131943
100004040853447
100021875439472
100013193592630
100001708339964
100009323805356
100006392315294
100023415613798
100004996788347
100014301728807
100013264981091
100011777047185
100005738741578
100025861754110
100003823794313
100003082662782
100021399464484
100010355357863
100003503830090
100022559886645
100008080874598
100007944673273
100024069019505
100007215843120
100004515949343
100006499424923
100004266129488
100013883252792
100005186498241
100009483143001
100004932939627
100011064482181
100021263911601
100027366999686
100014785172586
100013234350331
100021480372482
100024040186190
100009325517479
100022932106763
100000377213280
100005445365304
100016086271940
100009892188281
100013935843484
100009090857952
100001716018177
100021825698671
100025679349872
100011526393363
100022263972547
100012364264872
100008311247373
100013322673397
100004285713583
100004729092244
100022904901301
100003770121005
100017809959069
100014876565882
100022836285737
100011920546818
100020871375334
100012454356637
100009160306037
100004260513110
100006537824393
100009178049856
100005187757281
100003971435037
100021176352539
100011152355548
100003345905999
100017718512769
100006855240581
100010348127825
100024625294459
100006698072773
100007201009433
100024762375853
100010729240281
100013553100916
100002976211280
100002366516712
100017446116552
100004334534103
100024474127089
100009030629680
100026023809397
100012472864448
100003413052113
100008331886245
100014409608020
100015564366927
100004157117458
100023545652259
100025211901060
100002286551264
100010517531898
100026503582852
100006704190169
100004387272418
100005283127331
100004174688816
100006907422809
100011522807944
100025065804126
100011709150561
100005753221176
100005031244404
100011302954864
100006564071358
100011432532274
100014305511799
100003056718055
100021947103999
100006468554860
100001491490408
100021622819462
100009894825036
100011151150694
100021086646058
100003065444312
100006465132104
100004452786214
100005052990965
100003806116409
100025263967823
100019245494014
100015694298252
100008159862361
100013587422024
100005555550640
100000940615124
722922305
100023027987116
100023170982911
100009426035063
100004771300941
100004732573245
100002379026618
100005887116860
100007296876614
100007771320472
100012202908260
100010772383582
100010470430421
1832834309
100002312766977
100003098936739
100009105586228
100008323000028
100024669700188
100023266942700
100007363158165
100003776991114
100000356154258
100007651127631
100015355724187
100011874882233
100015299793582
100006333907256
100007967322040
100007100710533
100012125175637
100009450222158
100006623401982
100005117762802
100014673960389
100015560107512
100001232928418
100010820291586
100012100185421
100006279270618
100026153253119
100007020303616
100003589935294
100011262996245
100006172684418
100010940010001
100004138302926
100025778763096
100010435085865
100004929240240
100003127599874
100000590592448
100007458847690
100005245712458
100012170943500
100013284664245
100002861149187
100011130767840
100005846617860
100013773486296
100021883504907
100000578336272
100003611500036
100005087706575
100004568197476
100001615264376
1477100816
100005280638653
100000360000943
100004859432419
100004938014069
100016495688763
100007519302152
100008543054173
100015422737407
100004622704791
100021395497767
100006254174957
100022479162411
100014980396477
100013086375577
100013140721173
100006565860107
100003829641895
100007286146747
100008872847546
100008386840144
100014027110415
100009566509631
100011488481981
100004043556483
100003730335430
100021548149835
100008728366447
100026000893244
100004292821176
100019065790538
100007231000738
100008725080433
100003929555211
100006513638280
100027593297912
100008194536155
100005961791674
100011545926893
100005275724981
100026373945915
100004346235585
100009227174434
100003811608572
100003097432410
100012693993700
100008824141230
100006687343524
100000318021830
100012828761739
100017414595832
100009984828429
100018838449759
100001767908861
100006241908555
100007831860924
100022191122187
100014078143151
100021681971518
100021756482017
100004232794444
100014603105836
100009414854281
100000055860800
100012448811195
100014697331198
100027758587752
100004189381663
100001958889607
100003576863122
100023655497895
100014102022531
100012209070906
100021583980490
100016833369500
100010219219163
100004342575268
100003008449738
100005432016571
100006891225777
100009419133726
100011680111219
100004191613872
100003782873313
100007916803812
100022405993575
100025075756209
100006575327736
100005919011263
100009276148091
100009265034927
100027394662443
100001991638755
100005010336123
100004664552846
100004525208685
100014735497998
100006678937342
100024653290745
100007519689679
100004079976148
100010542915259
100004462442027
100015635027410
100007589801005
100003950002297
100014120584841
100007373012468
100003969127084
100013770871249
100016918684529
100010090184512
100009178231795
100018752389494
100026661847612
100006296802126
100008099747093
100003820346507
100022930392112
100021923569351
100006455227942
100009299648555
100004045783661
100023498111725
100002912906334
100012046902398
100002740448559
100023063772384
100022148808821
100005670152949
100005094875572
100010491810073
100006409775718
100007896189556
100025431020307
100007057305962
100004800876780
100022114713992
100012134465716
100011415770891
100006272109883
100022774440132
100005053144228
100018259034189
100010621929460
100023996165839
100026424133528
100005199431337
100010611161325
100023818656524
100002947138540
100013229744408
100007455556623
100006967267267
100007575334034
100005062834316
100009348766819
100014271246316
100011031066709
100011247582348
100023976015029
100016089841324
100015325740017
100008064792011
100010954964122
100012280560515
100015338566216
100005007496141
100006764490175
100010681866480
100014026928849
100022275197242
100010028651802
100009401367996
100011129433937
100009916325428
100003820224516
100005398844180
100012409593557
100015343780316
100000400632229
100003673526238
100022509459826
100004396260617
100018990014455
100006654912423
100010280592933
100025558732745
100008275982538
100025216050397
100004832078875
100022610944234
100010424676536
100004589079984
100009085244166
100019843542817
100025586840293
100005616757143
100003334991071
100008855016185
100025120821665
100000205258374
100027187481565
100012119688244
100008712549909
100023611786897
100006682773441
100003745459998
100021673694512
100025083840678
100006481700516
100003492617450
100005945980271
100026552777774
100000156148998
100006454309824
100002757862408
100013427412444
100024025069511
100010181235668
100011216918543
100014883991993
100027089844332
100016913201875
100007487406737
100014160760542
100000824485558
100006711311084
100005933443123
100010986822306
100005593862490
100026997465228
100014927472363
100001067260609
100027164130844
100012708067958
100004073202874
100022423620241
100022005131522
100002361321312
100003638549078
100005095208344
100000323839096
100012318426172
100021711611779
100022440243786
100014402954819
100012687331714
100017888686739
100007228959808
100027684068997
100011697679860
100022357030872
100011620244585
100018613695645
100000285644761
100022306172849
618502251
100013317605536
100006499067899
100009685051064
100004881094653
100026615886603
100027663250190
100010980132345
100016694081963
100010789208120
100000447861489
100002277714176
100009602854856
100013276060533
100011517254478
100009343828144
100000300445190
100024914374611
100011217992167
100007608336479
100007763493962
100007318244495
1101235199
100004660813620
100005887620020
100010577500737
100008046814868
100006963940753
100007844352730
100009309195885
100000210807274
100001454486551
100005801238268
100005052432784
100000622924958
100012398286978
100011471650556
100008424371469
100022183686863
100006364637865
100015908610297
100004193982080
100024580217711
777001741
100024638715228
100008116507796
100014707383648
100003121206051
100026444718490
100005716232030
100013389210525
100003943330772
100009020760323
100003774940047
100014515903226
100006063439180
100005810376799
100004502075416
100008038483726
100002904403510
100010402533544
100008431563942
100027545443946
100010256944206
100018312451054
100025078973327
100024503531984
1191560335
100002849170417
100007421884330
100000416194219
100006539017320
100006594034421
100004982804532
100000155364252
100009654888911
100004545703510
100002917609092
100007515608449
100021474917686
100008124632859
100003878410204
100006007809471
100003077777016
100011073875510
100026695628630
100008691306851
100004023800163
100002964432793
100013985191327
1119765641
100004045044155
100007335063120
100009512476257
100009651788877
100003144026988
100004311302277
100004648663973
100006863234502
100025106655991
100004784381948
100016294419446
100005576796206
100016761824770
100004588870748
100004663480102
100015908201274
100005346664513
100018020137291
100017575380924
100008494902563
100008668363699
100014497964686
100011636228522
100024693034315
100025647843270
100022851607823
100024558483006
100005784608009
100024136753904
100005267145151
100026488625127
100007833103425
100023065786574
100008202241987
100025917819217
100013042337649
100023664552360
100007440997317
100007760281600
100007182214466
100010600909267
100009250673184
100010692309618
100008282527962
100004057431691
100021720022177
100003784828463
100001054996709
100004014102342
100010120202082
100000069560847
100004497842100
100005467091856
100006340690470
100013127258491
100017954177506
100011046045830
100003230805740
100009657369095
100006198488486
100021990911953
100018050625112
100000225404848
100010765997963
100004425611341
100010303005792
100002066756281
100004942849188
100020479890361
100017120053253
100011409862663
100010858778118
100002990992702
100026877383848
100009526724013
100015221196073
100022062352111
100020233908928
100001460465567
100001827406687
100005908295469
100015683349137
100009522242544
100009532491631
100011904108265
100009471208274
100013331688500
100006956053264
100009330524359
100004391744083
100005553844348
100011582625364
100004156172846
100001528108959
100014928699583
100004183127788
100010783542565
100006190876519
100007029497406
100003991901598
100004576001071
100018141511338
100012422345071
100010513721198
100008053757281
100012118540453
100021731268520
100009355262640
100005445691944
100010828262077
100010172229997
100005834414034
100023551380809
100004202470769
100018430682028
100005523152272
100015015842350
100006608648441
100006928716846
100014994793644
100015074883359
100009384237328
100009300938803
100002847477058
100014119029880
100013119700356
100024643591939
100010134493147
100012184142272
100005392112853
100008072768949
100005791842002
100013505229465
100021891187207
100007903603769
100004713460799
100025231004163
100022884913513
100025607062853
100000222924015
100003806020074
100004422061580
100005186675339
100004515558714
100003989734088
100009323700361
100015248443984
100005149638865
100004229557271
100012732194355
100024462971773
100009305688315
100007806602253
100023060978353
100007812486240
100021913209937
100005980800729
100000031702246
100004398696071
100008056298906
100006012076766
100008707877664
100005062389955
100009970051559
100004725312270
100011368256785
100015897197012
100024211658550
100006496302987
100012147829297
100014828926424
100003601460810
100024193863589
100003664066352
100009627707313
100003996808453
1315010486
100005073577503
100015663765280
100011091063998
100008632935429
100014102619382
100005044845355
100019539944665
100015387586591
100012289772937
100004270544924
100005321041042
100023168183203
100003279760539
100000213939700
100024952815318
100008358846774
100004203694748
100013483350017
100004642652252
100026810676330
100012763366912
100010195716316
100005261764625
100006897454632
100009524807385
100002460522177
100010424463532
100010043383340
100004315508227
100007294083403
100013237066213
100004757141859
100022055220733
100004462364409
100026393390605
100009425584422
100012674375026
100013843455351
100004926812489
100003629578084
100009455521626
100017506211166
100002162367817
100000459416206
100022938733830
100021814297531
100005781707773
100003002361738
100025325647107
100013832655382
100009502683216
100011151078771
100007177442552
100014171470979
100013493862536
100008055782309
100003157083087
100014158689125
100005500146510
100000775667745
100002984186061
100010801745068
100027359568911
100007000728487
100024671595964
100004587855181
100003780431376
100023819627931
100009286792677
100027010460025
100004238227000
100008824269576
100010860938596
100001093441659
100010279981848
100025720020494
100010697583198
100027044350204
100015678195533
100003790995715
100008149745980
100023093563291
100021863377066
100005418607713
100024306669203
1795882056
100010587331329
100010755361956
100024595427387
100026504084046
100013150725480
100001658122575
100011319543174
100014288221173
100003907667779
100011006958087
100023395963331
100005858491266
100005327891370
100010260943120
100009508744518
100027247519176
100008680997464
100001734162164
100027516279379
100007147813514
100004479572398
100015944013721
100004059940072
100007364564544
100005975086860
100005244182898
100007476483269
100002333478691
100003250802848
100004238190871
100007008102920
100024975275558
100002173170999
100012485826345
100011401529160
100004475341978
100004384568408
100010047492570
100012964560409
100022205672836
100013484287523
100009997180181
100023178443826
100013334288646
100011711214238
100006018303987
100015836523883
100000357330429
100006208871229
100011433519872
100025772589765
100004002031638
100012605166759
100011931001622
100004257553322
100013815243061
100004201783488
100025092853521
100010620467520
100005352900986
100004056414083
100015613964752
100015161018192
100016388025423
100023176458874
100022577496692
100013211168992
100007379732719
100004143272919
100021246707022
100012209958163
100015189754210
100014739241617
100006409631470
100004256590862
100003516518290
100012150727160
100011554563954
100009198401230
100002528333622
100010936440758
100016003955037
100010796893817
100000633205737
100004432445744
100009750720794
100018422526471
100007108327145
100010542840187
100013229771945
100024340492311
100006340444489
100007956846464
100013082880549
100010210956711
100004262311079
100006268330580
100006744556486
100017206573264
100008934517115
100009955351194
100008922671414
100011182651767
100017627628146
100008358765886
100004533000385
100004036170528
100015427598298
100006556779655
100010167130593
100011246108797
100010503424258
100005566267925
100005655362598
100007092336222
100015799057439
100004603539058
100022361947164
100011900176710
100024907000811
100004902309963
100011014478393
100012529908643
100004193232257
100007105002634
100007131460254
552983279
100001827466527
100010976651418
100006938414639
100012757538196
100004301921342
100007472052064
100019196621619
100004463103670
100025287403716
100026187381663
100015326234804
100020867346430
100009666257564
100012724802349
100024608477266
100005460814801
100006774455642
100011600827003
100009588621332
100005242662550
100020777769452
774621660
100004714305373
100025135566739
100002947200033
100024930435745
100006509108800
100004802354426
100013609958327
100008268932234
100000387961324
100021192900515
100004075452736
100015817801991
100002317543219
100004848459185
100009240852132
100005787155942
100007844730962
100004081728605
100009679921463
100024612353230
100009760572753
1574958953
100004230098508
100021844084159
100007653541108
100011022181405
100021743168316
100000593783889
100011684995764
100007153870519
100014723351717
100014514361812
100003532958066
100017173787545
100012382983637
100022379496419
100016051756328
100007210545522
100007379015608
100003635027516
100014011956908
100024062359616
100015406058033
100002074052491
100014787480615
100013696952211
100009594792578
100006550757325
100009137115076
100023159677843
100026499705593
100026117922936
100018429430059
100027368596596
100008422867984
1576132687
100004917909484
100003757129158
100027046511421
100024102971880
100004709057595
100010382435070
100004597484770
100008504777321
100003784786104
100016761930258
100013579669475
100009401395922
100010461970553
100008637286882
100012253609657
100005649014064
100011668305131
100006768225283
1676895137
100001681767575
100006015946601
100009097259214
100007395193960
100006495623632
100009654184958
100015217419604
100006678853595
100009666645978
100012861976730
100006623680493
100024765951417
100000367522165
100006483016315
100006704656141
100007328258599
100012684455561
100010548272382
100012247116921
100011066255256
100022168552669
100025277381564
100017955108154
100000087696486
100003742680762
100027354310855
100012587989000
100009642075971
100005711346470
100017608236324
100009677891555
100005481753498
100009309235168
100008658608812
100004988834721
100013544767566
100021993065508
100026368384364
100007277553724
100003910537410
100004052051508
100022876972185
664149035
100012715232906
100005078808983
100013433910128
100009293060663
100009476865815
100011441127292
100008727101779
100014144562363
100004072790380
100022014094213
100007718680642
100005542864152
100005782843802
100015669555082
100007946924646
100021928485779
100007179699713
100011708657712
100022038247387
100013156998301
100007081126714
100005955094542
100002867764293
100023579136628
100026154164137
100004227823206
100013808840975
100009140809439
100006035349874
100004965733786
100017727780608
100006158498627
100005481251950
100010574979194
100017800239567
100022448284163
100004221281403
100007978058768
100015621491650
100002091605283
100022066202452
100016415854897
100027179962084
100025153610054
100008346859065
100008265162522
100015198769298
100008939707285
1402704111
100025260829564
100002567793138
100009219754294
100007544113267
100015359410830
100004946433060
100005789147580
100024265399686
100024806418491
100006646218273
100001071377718
100003195486723
100005136845348
100009062009070
100004522457321
100012725897897
100002895689080
100003704135920
100005156147255
100021590465873
100006924108496
100017925847052
100010149092605
100017538487152
100012556815191
100003677644699
100021487188137
100003170241934
100008140388161
100010902856367
100005566352303
100017469761772
100025272964072
100013923766143
100017928815960
100022373372042
100004492778769
100004381893171
100026688330731
100012076719376
100022808412494
100006794797012
100004277262005
100004235564171
100006440701815
100009291656888
100005734214652
100004484976361
100000384253317
100025575751793
100002433412748
100008944113166
100010790742443
100021138856784
100008491666189
100027104225970
100004779828327
100011365004931
100026362566550
100006972638735
100010364266112
100018248586348
100011508347496
100011603433959
100023532277333
100002264774788
100004819983590
100004042180886
100003727674427
100010911161985
100007770676466
100014549868865
100000286719844
100017208910894
100026252588784
100012026504622
100013548520549
100009592206284
100005265338957
100005494478142
100015509655947
100017205127175
100012447245336
100010670711854
100022779707498
100021844013800
100017573775066
100004731876899
100004450059477
100003610883553
100010978749760
100015100249318
100011381788545
100006883937112
100008184271481
100004651060573
100014391610462
100000816129264
100024280743478
100005691614404
100007844476144
100004229741566
100011115665991
100009928657352
100007737570168
100006585812267
100010487075822
100012063279562
100011426129720
100024480741492
100018034728451
100009569228896
100009690789753
100013369624737
100015133595858
100022494456873
100007059587661
100022045008412
100012083115501
100016218552842
100004029517344
100004050829396
100013125570174
100020355300117
100009712901661
100010971996071
100017951855595
100012531314516
100018746116375
100006499020519
100011045202952
100013926001496
100002768403331
100011371818510
100008211588705
100003734833588
100011047457831
100010919140693
100003275953028
100011548652911
100001404352820
708025341
100003834072714
100019942682450
100003595848136
100026489590710
100010833871982
100010138149592
100005337484889
100016125577221
100002312640702
100015156677488
100000897759762
100000361766985
100007109165799
100009173080146
100003963502446
100022352720545
1000536078
100021839959857
100005840735897
100014092396742
100012152621298
100004927750448
100007630818031
100004985645512
100011133033132
100004449192497
100010377491233
100024491583385
100024415682446
100022030591436
100015822076917
100003247860479
100003479583560
100024964309777
100010555470320
100022140722177
100020348282555
100010221877759
100010909123138
100015442449656
100013244040848
100009218738705
100013969718312
100005451549678
100006906301146
100004489479912
100010055649075
100000894649714
100000508445521
100007745316652
100005445246638
100007370803218
100000903903111
100003692037496
100015094080957
100003969281416
100022080649888
100023985951002
100021933372476
100007110467836
100014402463860
100009421074154
100006985325623
100025721448060
100021172123652
100026038823343
100004836370217
100010539902483
100009389819055
100011451823364
100006764145828
100009008669237
100007254698125
100013933488110
100011672511459
100014382435312
100004563700131
100009704022732
100000652659584
100017913582435
100005862308699
100016023961449
100003981207092
100009313717510
100006740942325
100010024567090
100010226172096
100016021504642
100008003222012
100014824847546
100005529966399
100003133087956
100024782930186
100006782952012
100003800512716
100005239393344
100017574156988
100013157763994
100011748271969
100006436243209
100011790456860
100027415505792
100025148633688
100007534753824
100009390828710
100012633120205
100007843092812
100006996901375
100009577815867
100011405587246
100002798315660
100011592333787
100010922190264
100006795786089
100024407152998
100008042793347
100005826733381
100023737149534
100004430113228
100006403353253
100006191940250
100003631696772
100011406107751
100000194531221
100011511184069
100001485354956
100013295166982
100023877673751
100022133744120
100005172575285
100009830628807
100009603154647
100007980127673
100006662956793
100005210133852
100013728788941
100000319994737
100008435922278
100005490108707
100025148118634
100013459774569
100013526868116
100012746264216
100009744994067
100009431703673
100025167292527
100012716224231
100009417719551
100004341660370
100010519987917
100007370178775
100010711418910
100013753818364
100006864468591
100012613146066
100022072696854
100023297896369
100003998260630
100005169126400
100022601534787
100025445594969
100009484730190
100005658907001
100013325376230
100007771692738
100011571016329
100003537174356
100003125357788
100000155423148
100002616752789
100005409789771
100004741417318
100007996440263
100027238503781
100024210762442
100009479528615
100015893380650
100008221091558
100009561005941
100000300333399
100015567638356
100010359702091
100024657068440
100024779552585
100006277894834
100008116991597
100006988121564
100021540469997
100022710079523
100007128035423
100007640888038
100006621252081
100010578583614
100008620026248
100020280155664
100014053062986
100005139037339
100009288251644
100002586976790
100004685112460
100003444297354
100015732945521
100008166160677
100013177021871
100005988106648
100004081996408
100004843867662
100001677097650
100023089308006
100017011625923
100010633837417
100026551172465
100003077841150
100009455336041
100013751314034
100000207022577
100010980933754
100013224270411
100004839097498
100004778865272
100010471938533
100009405224510
100009302335597
100021794674575
100005469518932
100013857303515
100015656950828
100011898946709
100006297493858
100023096452030
100014473891925
100004742010022
100015370869212
100021626986831
100003989737660
100022352198491
684169227
100007907521493
100027186331963
100009140117817
100003015785907
100024256992933
100007899607155
100006635857056
100009955667700
100001144641539
100001883073846
100023195143375
100005505667246
100014111299424
100009394208025
100003933918777
100008738791461
100010134286301
100014735910606
100026619578161
100014860511945
100005177460054
100014651471528
100011490813101
1730239077
100000919665259
100004301560956
100015000334453
100004944220562
100001505928818
100013543840379
100006598332115
100005968745292
100006976682890
100004413846544
100008787069159
100006018843439
100012185020947
100022243542771
100002178465822
100003249474799
100023927719505
100007321904804
100018292308297
100010124174768
100009688110267
100008735311501
100013445586359
100009853896905
100010634015963
100009427140698
100006677672396
100005139071532
100012465405981
100014288747143
100013248091770
100016716343775
100025110425652
100022944974128
100027170810990
100015680146928
100001880100822
100025052590337
100022250196204
100003214141748
100012131438865
100012740888080
100001454821009
100003912561127
100002061922330
100000502862401
100004061013325
100010993066464
100013458104715
100005018229189
100005314845642
100015293675399
100003366975577
100010026067860
100005919669226
100000241608370
100004109112119
100003106006971
100010935853166
100011617087468
100012186431257
100007344371618
100010877852669
100013876872494
100009861064208
100019169853310
100004940471159
100015585104989
100008199845961
100007467886585
100005952730158
100001707971181
100003089726575
100027035621412
100003936037578
100026499914072
100010443572946
100010328077473
100024518111018
100026663320328
100009330497167
100012737677384
100010393008193
100021476914865
100004179752276
100008367760756
100013193346318
100009396481890
100004377521078
100003676936650
100018994219292
100004095128048
100025518390149
100015772482306
100006423703192
100004959547588
100007494129252
100010935047278
100012227927735
100025299545325
100006400772938
100009634190903
100006383257630
100004788844749
100006541006716
100025478870841
100006492741224
100004006968882
100012792247446
100010209165189
100004688411113
100005133971481
100025093462166
100004384633334
100011656697924
100000272869583
100022062104380
100010578189786
100015272620269
100001361322737
100021472054871
100027038033344
100012265458596
100012227888676
100009374886638
100008418607386
100007999181287
100005231221178
100000403873483
100006239253570
100027299943193
100002993179309
100003857799485
100011380296219
100010697536766
100022797253469
100005766041496
100003796755968
100009876968545
100017630268968
100021815341979
100012530358686
100026742875488
100014969255467
100020429616520
100012073695075
100010942081830
100027392881949
100008449865028
100009365430538
100016443219595
100004275288242
100011902848923
100016004507492
100016251009984
100017264779174
100026801916708
100001819412296
100006383023715
100014567568774
100013954509439
100025727671518
100016296882706
100003163352888
100003799505997
100010414513083
100009007336011
100000082262518
100007595056056
100006519301455
100026163993768
100025565945979
100016985532976
100016288817943
100009765995970
100002810758865
100004153089769
100007202942591
100009969883778
100002934668009
100015359853822
100004012108185
100023711741257
100004211310649
100018071109190
100009425558707
100009155057084
100022496440016
100005929183472
100006457303232
100008508701107
100024617853167
100014861738924
100000372117344
100010215199052
100011964272606
100015478549409
100004441891235
100002512579511
100004000612642
100003901161022
100003207976167
100008223754806
100004236840604
100007855815284
100004490202395
100003194742799
100024707094063
100000416873520
100023971821811
100008150581548
100023180822603
100007156621613
100004999096538
100005869140380
100003144861131
100012606882353
100012256440250
100010034020291
100008121662260
100006991333324
100005471257340
100002982278063
100009746227799
100001456757727
100001863298160
100005770594467
100025957593699
100021856913547
100008501802428
100013621506943
100007957877378
100006510155696
100005892850359
100001451360348
100000441736403
100007751920544
100004782908760
100013505564362
100013269186011
100025126689406
100004935044127
100006674321606
100022620703525
100004770993816
100024812437901
100017463703583
100003252098638
100003816952090
100003658545030
100008793849853
100011196090183
100000061641033
100007933261027
100011054046994
100009487179190
100013393441526
100007151472028
100023864056007
100002648987509
100005753580585
100006244149409
100021991518877
100004452766592
100003879282354
100000214918265
100021947271478
100003731208440
100009492007493
100007271049027
100024510450253
100014436465880
100005612655567
100000979183435
100001762969167
100004581605406
100013964955295
100004850261816
100005749442782
100012589746048
100006177645697
100012668087438
100006040934023
100004363622352
100000066469757
100008583164102
100000092722319
100005037610103
100006048853190
100020715783984
100006295748320
100022880678045
100019026037563
100013663084929
100001754032619
100015072302789
100009658366582
100006423686278
100004619883237
100004523761155
100014575637709
100012266833928
100026883740230
100006531463805
100015450018806
100006048042617
100019326570546
100005245770084
100003763714610
100004498567569
100012007362042
100009042135269
100012799236519
100005952188369
100006244393188
100019257888373
100004864325027
100020051203681
100022881547435
100003651550921
100026079553271
100006923919647
100024129468928
100011424939140
100017261760938
100015868665960
1046304550
100024830743292
100012390636849
100009557363390
100008459595184
100004481500933
100016505436592
100004472115432
100023063689597
100004413615064
100004407751071
100008113808175
100006426358304
100006205367142
100013840631083
100027263559878
100021693046023
1394026291
100022183351113
100004673853779
100027068584803
100018359612862
100007311545076
100021214817808
100005739103574
100005296504273
100010614049203
100005407143521
100004228026317
100019442529634
100011153357150
100003941655648
100007118590987
100009127836496
100004087073035
100021722520730
100005051342176
100006795600813
100003114782153
100011556436269
100013631772982
100002833505460
100003051460412
100019058597028
100004139534182
100022552851410
100003458692995
100004216114717
100000057646000
100023393461147
100023524770201
100012791853584
100010697047069
100011520019521
100007045687908
100012982185973
100014311038582
100009254594870
100013516776574
100003928699183
100023071710955
100003328076916
100000804327061
100015360199240
100021776051306
100005088408131
100015494738098
100009055758983
100002766321632
100003758810208
100015812230309
100003092760792
100010913796095
100013285924135
100025907439720
100011509423128
100006473329472
100006131106962
100002942318578
100022214229346
100004485095995
100015323260341
100025900902973
100022901423293
100022612170690
100014584695063
100023469379585
100003972467758
100010380368068
100006768991876
100003734937098
100001364366974
100003782496620
100023458177395
100024189732752
100010355894286
100009940367579
100008624557469
100004751563438
100007063574392
100000547646784
100006922055517
100022244764372
100021978066709
100024329643075
100003189156570
100003798799630
100004838465909
100004339932971
100012797315677
100010601407175
100016782675875
100004033728320
100004517797766
100014122396644
100001501607161
100006266413471
100010724111994
100024064232862
1701027332
100005686594118
100007202830486
100008300298576
100021615502360
100001785787445
100013194702563
100004626754810
100013334504333
100016225968671
100021964751436
100011788147636
100013322864647
100001342339264
100006490758729
100012961065491
100010833760412
100023850249047
100026784881466
100013710908490
100006167584629
100024802332054
100000206483255
100009080564058
100024188580503
100004693983954
100011382605196
100002957341414
100027052782318
100026424317634
100006820445028
100002397782815
100003913478764
100006046924832
100009950701350
100013944314201
100013058042147
100026966090829
100015367600577
100010599704282
100018291211977
100003574887556
100007881483911
100002281448035
100000195488998
100020124344002
100023789416067
100011587772523
100026039837052
100003934453401
100011709402820
100009378743475
100016358386369
100021622642371
1122265588
100012359826315
100019356637201
100010647604347
100003206422876
100005133072572
100009077910690
100011472168311
100012098555155
100004504607958
1570896037
100005482699522
100005345074128
100003265348134
100009847397038
100004522513811
100004132992587
100013768723246
100018861122245
100010872060282
100014549041520
100003681053354
100020988221423
100011578574037
100009170838618
100023101652443
100001484477035
100005115965108
100010717425400
100001471212145
100001945726401
100021910391255
100011621252329
100007460085316
100025362435406
100010182884295
100010081307301
100026452260555
100004344409329
100004208134248
100017281240987
100004454912775
100025605291095
100001779458664
100001030554058
100002935617236
100004022286709
100010746079497
100003284373578
100011019761219
100004371152568
100004034484883
100005887564524
100025691412367
100009681695548
100006641224651
100012185325627
100024805068077
100017453958314
100010677037130
100005500658701
100022687703747
100023195238519
100022004354334
100013316740267
100017034481549
100000874023644
100005474442251
100004181435522
100011152544190
100024490250384
100013442406766
100013069651542
100008269874636
100003606462185
100015872401742
100003860316691
100003801532095
100000415305774
100002420592136
100008071272528
100005148122460
100015082666948
100024265873304
100022572098415
100010982463455
100006785348331
100003672473430
100004104041744
100005563006671
100004074241036
100006559772401
100003034103206
100006801360602
100005574065644
100010397981079
100013839830705
1539164657
100001030901304
100001549451558
100022496743377
100022410574612
100019754115453
100007946742594
100001352410616
100000231339885
100024648550747
100005400934548
100010060038843
100023093461979
100005732142083
100006703712937
100009592031961
100024276038083
100003140584068
100013300537383
100012189168008
100011233152770
100005043197988
100000470555346
100007065824890
100009445512708
100000717031053
100018335531594
100002455376845
100012811025024
100010337774945
100020902922654
100005003918989
100004437163487
100015239833447
100000150615596
100006924940578
100002688955024
100009160648882
100022090251321
100014764020475
100000851232275
100004491519093
100022587052023
100007039758384
100023236072253
100024668492757
100001935590691
100003820153613
100022763295530
100015345013054
100026332973876
100010391381323
100015699818925
100004016988780
100009312320682
100005817967655
100008333610718
100014389479915
100021668689214
100005144135056
100004779701412
100026620026284
100002821432361
100024465277812
100023174017414
100005349154130
100001833737906
100009713461230
100011187976592
100013402938754
100015808814726
100004375480469
100002968127113
100003502658999
100022166106336
100012856368352
100009685602293
100024882951138
100007228721013
100008278051958
100000288043307
100018422048185
100002757017925
100003738304548
100022970474496
100006720758679
100006200130727
100023847492661
100004886732699
100007592595339
100011605500576
100024572717711
100013856558677
100007581640414
100017448582010
100001855390194
100014269296925
100006297640607
100006028625145
100007988648738
100009356813452
100007878215308
100006456382269
100004425343010
100004297302604
100012871336901
100013732424861
100011424242285
100002376446662
100011141131852
100005079661691
100013477391273
100024435992485
100004560094622
100005470235281
100011050994121
100026186506477
100012184323317
100004992162694
100020969347616
100017618500584
